[0.34684669932646306, 0.04980162538392605, -0.9365782041804837, 0.0, 0.9207073743597757, 0.17224876180202026, 0.3501283509338844, 0.0, 0.17876826752282116, -0.9837931319709846, 0.013891724644912964, 0.0, 0.48366778927261356, 0.21394532722321324, 0.23278603993082533, 1.0]
[0.48910925460279453, 0.09525678528110686, -0.866983188528065, 0.0, 0.8305140190154329, 0.2527608039543828, 0.49630636453066956, 0.0, 0.26642615603142367, -0.962826732392855, 0.04451726375258572, 0.0, 0.33689530510103055, 0.06914910872394384, 0.19183238218676632, 1.0]
[0.7596225660558332, -0.17726531403951779, -0.6257093037886722, 0.0, 0.6097606204399069, -0.14037889464347317, 0.7800303320832461, 0.0, -0.22611739251966284, -0.9740989730340159, 0.0014544876019833277, 0.0, 0.5618915178431917, 0.14834248037155934, 0.20456922042598633, 1.0]
[0.5978448419223912, 0.20860818197252562, -0.7739675307604259, 0.0, 0.7965062036228502, -0.2631456410814743, 0.5443287668685324, 0.0, -0.09011821109523843, -0.9419302861875798, -0.323490407881869, 0.0, 0.49830652120004804, 0.35135248864617474, 0.23457084204208734, 1.0]
[0.20894876582804653, 0.2918290227890209, -0.9333476319075458, 0.0, 0.8983317364038252, 0.31983333328729335, 0.30111176921287824, 0.0, 0.3864036881368902, -0.9014073749390608, -0.19533799988655662, 0.0, 0.39689273679626513, 0.26367289689670503, 0.21734904319422652, 1.0]
[0.8701832944353791, 0.03898224972579238, -0.49114456686640545, 0.0, 0.4897007074751685, 0.04119502689790103, 0.8708948008385876, 0.0, 0.05418423470203999, -0.9983903196325368, 0.016758233015312027, 0.0, 0.6518607565107386, 0.313884656212693, 0.20854064449361315, 1.0]
[0.5238661799361359, 0.22142902166804085, -0.8224931496083946, 0.0, 0.6800850114418332, 0.4726423751302638, 0.5604062184825105, 0.0, 0.5128550268730812, -0.8529759101435822, 0.09701452533378147, 0.0, 0.5029450806672497, 0.009706714495150912, 0.2315590442232527, 1.0]
[0.3440622164821392, 0.09942359259763488, -0.933647528618193, 0.0, 0.7930321685679168, 0.5015806207070073, 0.3456565171063943, 0.0, 0.5026852392272116, -0.8593728997614956, 0.09373243525375569, 0.0, 0.4545116793492685, -0.059741001970723795, 0.2049925162081059, 1.0]
[0.16783501660420574, 0.4052987949817872, -0.8986244272543783, 0.0, 0.7610635033337532, 0.5260994102538737, 0.3794249882313535, 0.0, 0.6265703525432829, -0.7476197870564224, -0.2201686792336631, 0.0, 0.3879376497356508, 0.2694397107118788, 0.19103648039575757, 1.0]
[0.6507025438875895, 0.1279141362424862, -0.7484555700895286, 0.0, 0.7559365901277705, -0.016356431551923074, 0.654411113997439, 0.0, 0.07146911684587713, -0.9916500399598212, -0.10734227305658983, 0.0, 0.6023311203067594, 0.42517073522234017, 0.26628395008429456, 1.0]
[0.4378546220387908, 0.09731266344928151, -0.8937422127001483, 0.0, 0.8987175901315148, -0.02140846818556488, 0.4379611146536101, 0.0, 0.023486413474447854, -0.9950233873857398, -0.09683412072980743, 0.0, 0.47961420395967447, 0.40557662741589784, 0.22810078324190297, 1.0]
[0.22320477989464346, -0.0864427412000462, -0.970911348165469, 0.0, 0.9730725564934167, -0.03868161136895518, 0.2271455480782093, 0.0, -0.05719369738061383, -0.9955054197412175, 0.07548403967592973, 0.0, 0.5461977920389621, 0.1977814157417116, 0.2051997271059009, 1.0]
[0.2022948042138414, 0.0850410375109157, -0.9756056587564635, 0.0, 0.9072194172034509, 0.35885942049956265, 0.21939556202948068, 0.0, 0.3687770806675095, -0.9295067029032644, -0.0045556593652023025, 0.0, 0.42586379975208455, 0.12884930488058982, 0.23488877158144436, 1.0]
[0.736013112589056, -0.009767197321405251, -0.6768684268186372, 0.0, 0.6689845729537313, -0.14233526644410216, 0.7294942634090298, 0.0, -0.10347133898036405, -0.9897699184482308, -0.09823029341599843, 0.0, 0.5862383804851219, 0.15639887487455575, 0.2054335510232527, 1.0]
[0.8394865030031466, -0.19289797138920087, -0.5079511307005447, 0.0, 0.49279138806079503, -0.12346999819110588, 0.8613207153379547, 0.0, -0.2288725400893805, -0.9734184691769329, -0.008593268195012708, 0.0, 0.6661847645243485, 0.16938237113668198, 0.20643850444910225, 1.0]
[0.3462316486615695, 0.2842367821259822, -0.894032809477505, 0.0, 0.7562011705928243, 0.47942714549391896, 0.44527628392726815, 0.0, 0.5552088341171584, -0.8302693084850756, -0.04894921762377663, 0.0, 0.40838316542221514, 0.16409925402272554, 0.20492405811182357, 1.0]
[0.12007341520028073, 0.07052567178689609, -0.990237381566476, 0.0, 0.8278678369454987, 0.5433709200691099, 0.13908434507489575, 0.0, 0.5478962711292417, -0.8365181611302731, 0.006858730341598951, 0.0, 0.44821997015049814, 0.21752399159682698, 0.2844450132793766, 1.0]
[0.5694943499487697, 0.28244733905961095, -0.7719204967514828, 0.0, 0.6894880991195177, 0.3470964892269355, 0.6356821183652821, 0.0, 0.4474948156520128, -0.8942817404373093, 0.0029255230280519073, 0.0, 0.5137142310379943, 0.4210251287706449, 0.27240293224628354, 1.0]
[0.5972099330621471, 0.2359350953820849, -0.7665745194626773, 0.0, 0.5310887345019526, 0.5998733514017214, 0.5983797169303652, 0.0, 0.6010495016508345, -0.7645067842190578, 0.2329568059712322, 0.0, 0.4835815818649882, 0.08150790357326329, 0.21214456801984072, 1.0]
[0.850406397019137, -0.08749289410192639, -0.5187634534747815, 0.0, 0.5228579078121778, 0.03142905495128678, 0.851817697640536, 0.0, -0.05822598831149162, -0.995669059380517, 0.07247660641521664, 0.0, 0.6848295109247923, 0.08445241303380477, 0.22364843409494803, 1.0]
[0.6527896959365137, 0.031488641203134694, -0.7568590658932326, 0.0, 0.6128394121831263, 0.5653168568301726, 0.5520926312940398, 0.0, 0.445266947796063, -0.8242651247172939, 0.3497489805205471, 0.0, 0.5591966462871523, -0.0452125835410577, 0.24894518480658007, 1.0]
[0.5596436725958994, -0.04988228379643924, -0.8272075221835861, 0.0, 0.828710079970308, 0.03325158225283447, 0.5586550840221284, 0.0, -0.00036104635746159186, -0.9982013584001259, 0.0599492930206131, 0.0, 0.559883510833899, 0.3084757049973022, 0.23770017703390423, 1.0]
[0.7604508120376863, 0.17706779835757236, -0.624758452945223, 0.0, 0.5312650329204571, 0.38358779587367936, 0.7553670862059592, 0.0, 0.37341525619251054, -0.9063666683081468, 0.1976373168778393, 0.0, 0.546266992816134, 0.14487642940050396, 0.315174912984331, 1.0]
[0.11886463540853053, 0.3005460452307283, -0.9463111752567697, 0.0, 0.8678623066857793, 0.4315409170177313, 0.2460671063836373, 0.0, 0.48234502587531813, -0.850549165213202, -0.20954568372663712, 0.0, 0.3832274100054586, 0.1707203899223091, 0.25548134497059644, 1.0]
[0.6140210028325951, 0.10311014352276597, -0.782501165273031, 0.0, 0.7479702802366273, 0.24046347765498466, 0.6186108171276142, 0.0, 0.25195768503095345, -0.9651647440860944, 0.07052901337085896, 0.0, 0.5171672987730961, 0.3599583235575796, 0.242807971255039, 1.0]
[0.4303001035207167, 0.08788569729440869, -0.898376030619483, 0.0, 0.6719957016027387, 0.6332955097192545, 0.3838230603642194, 0.0, 0.6026932266742723, -0.7688934842828942, 0.21345651629375256, 0.0, 0.3901837862028762, 0.32849677109798786, 0.21677901004859707, 1.0]
[0.382466800467689, -0.03787906946719666, -0.9231716470444652, 0.0, 0.9239017097616874, 0.025727558953740546, 0.38171362391221364, 0.0, 0.009292353227510305, -0.9989510439557993, 0.04483819745612061, 0.0, 0.5682317458570904, 0.15075606481463855, 0.22955780802217704, 1.0]
[0.6741172087274206, 0.18373935422613688, -0.7153792042522593, 0.0, 0.7159908727081045, 0.07523223991685796, 0.6940163885285862, 0.0, 0.18134467254718442, -0.9800910389895843, -0.0808434600389642, 0.0, 0.5261509245645792, 0.013897553947300717, 0.22677032123356833, 1.0]
[0.9451879902566294, -0.07660358927379579, -0.31735330541131623, 0.0, 0.29290387524850936, -0.23032406198822947, 0.9279653622868317, 0.0, -0.14418512128842204, -0.9700930121078946, -0.19526955384410388, 0.0, 0.6601974732453124, 0.31368982464425904, 0.19708182286152381, 1.0]
[0.6460491019963868, -0.11131610794903964, -0.7551098259135703, 0.0, 0.7428068233819191, 0.31923650055063835, 0.5884621033880832, 0.0, 0.17556005458347504, -0.9411123140591211, 0.2889399237920118, 0.0, 0.5588159297809949, 0.20871794172057997, 0.2543110870410795, 1.0]
